1568,25,1617,8,1625,33,1576,49
1462,31,1511,14,1519,39,1470,55
1830,35,1903,11,1912,37,1839,61
1743,25,1787,25,1787,50,1743,50
1679,55,1741,31,1750,54,1689,79
2018,37,2075,37,2075,68,2018,68
1773,66,1828,38,1838,58,1783,86
1863,60,1929,44,1936,69,1869,85
1815,76,1868,66,1873,92,1820,103
1505,85,1554,69,1562,93,1513,110
1895,88,1967,70,1973,94,1901,112
1561,101,1628,74,1637,97,1570,124
1381,87,1418,87,1418,118,1381,118
1752,102,1805,89,1810,111,1757,124
1818,118,1878,98,1886,123,1826,143
1381,131,1418,131,1418,156,1381,156
1463,170,1524,152,1530,176,1470,194
1539,177,1592,164,1598,186,1545,199
1613,188,1673,170,1679,192,1619,209
1463,239,1561,208,1568,232,1470,262
2137,875,2225,875,2225,962,2137,962
2150,962,2212,962,2212,1050,2150,1050
1625,975,1687,975,1687,1050,1625,1050
2012,993,2100,993,2100,1075,2012,1075
1875,1018,1943,1018,1943,1093,1875,1093
1750,1025,1818,1025,1818,1137,1750,1137
2143,1056,2231,1056,2231,1150,2143,1150
2012,1087,2093,1087,2093,1187,2012,1187
1250,1093,1300,1093,1300,1150,1250,1150
1875,1100,1950,1100,1950,1206,1875,1206
1750,1143,1831,1143,1831,1243,1750,1243
2143,1150,2218,1150,2218,1237,2143,1237
2012,1187,2093,1187,2093,1275,2012,1275
1875,1206,1956,1206,1956,1293,1875,1293
2150,1237,2237,1237,2237,1343,2150,1343
1756,1243,1825,1243,1825,1318,1756,1318
2012,1281,2093,1281,2093,1375,2012,1375
1875,1306,1956,1306,1956,1393,1875,1393
1756,1331,1837,1331,1837,1431,1756,1431
2150,1350,2231,1350,2231,1418,2150,1418
2018,1375,2100,1375,2100,1468,2018,1468
1875,1387,1943,1387,1943,1493,1875,1493
2168,1431,2225,1431,2225,1462,2168,1462
1756,1437,1818,1437,1818,1518,1756,1518
2018,1475,2093,1475,2093,1568,2018,1568
1875,1493,1956,1493,1956,1581,1875,1581
2156,1506,2231,1506,2231,1606,2156,1606
1756,1525,1825,1525,1825,1593,1756,1593
1281,1562,1312,1562,1312,1625,1281,1625
1881,1568,1943,1568,1943,1675,1881,1675
2018,1568,2087,1568,2087,1650,2018,1650
1750,1600,1831,1600,1831,1687,1750,1687
2156,1612,2237,1612,2237,1700,2156,1700
2018,1656,2093,1656,2093,1762,2018,1762
1881,1687,1956,1687,1956,1768,1881,1768
1762,1700,1825,1700,1825,1787,1762,1787
2156,1700,2250,1700,2250,1781,2156,1781
2012,1762,2081,1762,2081,1843,2012,1843
1875,1775,1956,1775,1956,1856,1875,1856
2150,1787,2237,1787,2237,1887,2150,1887
1756,1793,1825,1793,1825,1868,1756,1868
2012,1843,2093,1843,2093,1925,2012,1925
1881,1856,1950,1856,1950,1931,1881,1931
1762,1875,1825,1875,1825,1975,1762,1975
2156,1881,2218,1881,2218,1987,2156,1987
2018,1918,2081,1918,2081,2006,2018,2006
1875,1931,1956,1931,1956,2012,1875,2012
1762,1987,1837,1987,1837,2075,1762,2075
2150,1993,2231,1993,2231,2081,2150,2081
1875,2012,1962,2012,1962,2100,1875,2100
2012,2012,2075,2012,2075,2093,2012,2093
1762,2075,1825,2075,1825,2150,1762,2150
2150,2087,2231,2087,2231,2168,2150,2168
1875,2093,1956,2093,1956,2187,1875,2187
2006,2100,2087,2100,2087,2181,2006,2181
1756,2150,1825,2150,1825,2250,1756,2250
2143,2150,2225,2150,2225,2275,2143,2275
2012,2181,2087,2181,2087,2262,2012,2262
1875,2187,1950,2187,1950,2275,1875,2275
2006,2256,2075,2256,2075,2350,2006,2350
1756,2262,1831,2262,1831,2356,1756,2356
1875,2262,1943,2262,1943,2362,1875,2362
2143,2281,2231,2281,2231,2375,2143,2375
1750,2343,1837,2343,1837,2431,1750,2431
1875,2362,1943,2362,1943,2475,1875,2475
2006,2362,2081,2362,2081,2456,2006,2456
2137,2381,2225,2381,2225,2481,2137,2481
1756,2431,1825,2431,1825,2506,1756,2506
2000,2462,2081,2462,2081,2543,2000,2543
1887,2468,1943,2468,1943,2543,1887,2543
1381,2491,1434,2500,1430,2521,1378,2513
2143,2487,2225,2487,2225,2581,2143,2581
1212,2506,1275,2506,1275,2531,1212,2531
1487,2591,1540,2600,1536,2621,1484,2613
1612,2593,1668,2593,1668,2618,1612,2618
1414,2598,1473,2613,1467,2635,1408,2620
1682,2602,1736,2620,1729,2643,1675,2625
1601,2614,1654,2627,1648,2649,1595,2636
1790,2626,1868,2648,1861,2672,1783,2650
1600,2650,1656,2650,1656,2675,1600,2675
1744,2652,1809,2663,1805,2684,1740,2673
1162,2660,1221,2671,1217,2693,1158,2681
1657,2656,1709,2669,1703,2691,1652,2678
1658,2683,1741,2704,1735,2726,1653,2705
1804,2714,1868,2740,1859,2762,1795,2736
2087,2731,2162,2731,2162,2750,2087,2750
2252,2727,2342,2749,2336,2771,2247,2749
1644,2737,1709,2750,1705,2772,1640,2759
2043,2743,2093,2743,2093,2768,2043,2768
1806,2752,1865,2764,1861,2784,1802,2773
2106,2753,2190,2770,2186,2793,2102,2776
2214,2747,2329,2771,2323,2798,2208,2774
1965,2771,2029,2793,2022,2813,1958,2792
2194,2778,2296,2795,2292,2817,2190,2800
1815,2778,1873,2797,1866,2818,1808,2798
2150,2790,2203,2804,2198,2826,2145,2812
2031,2800,2093,2800,2093,2825,2031,2825
2414,2794,2474,2814,2466,2836,2406,2816
2301,2799,2397,2818,2392,2843,2296,2824
2531,2825,2581,2825,2581,2850,2531,2850
2288,2825,2353,2838,2349,2861,2284,2848
2184,2827,2260,2849,2253,2870,2177,2849
2587,2837,2631,2837,2631,2862,2587,2862
2458,2834,2534,2854,2529,2876,2452,2856
1818,2850,1862,2850,1862,2875,1818,2875
2394,2853,2453,2863,2449,2885,2390,2875
2540,2852,2634,2875,2628,2897,2534,2874
2344,2870,2421,2883,2417,2906,2340,2893
2531,2878,2636,2904,2630,2929,2525,2903
2289,2880,2385,2909,2379,2932,2282,2903
2094,2889,2159,2905,2154,2927,2089,2911
2456,2896,2515,2908,2511,2929,2452,2918
2259,2901,2312,2918,2305,2941,2252,2923
2150,2912,2206,2912,2206,2937,2150,2937
2314,2916,2405,2941,2399,2965,2308,2940
2533,2942,2628,2966,2623,2988,2527,2964
2113,2976,2191,2996,2185,3021,2107,3001
2550,2983,2633,2995,2630,3016,2547,3005
2190,2993,2254,3020,2244,3044,2180,3016
2494,2996,2578,3014,2573,3037,2489,3018
2569,3046,2621,3055,2618,3077,2565,3068
