950,1006,1012,1006,1012,1068,950,1068
1818,1018,1862,1018,1862,1081,1818,1081
2012,1043,2056,1043,2056,1118,2012,1118
1918,1050,1956,1050,1956,1093,1918,1093
2106,1050,2150,1050,2150,1087,2106,1087
1825,1081,1868,1081,1868,1156,1825,1156
950,1081,1006,1081,1006,1143,950,1143
2112,1087,2156,1087,2156,1125,2112,1125
2018,1118,2062,1118,2062,1150,2018,1150
1731,1125,1775,1125,1775,1168,1731,1168
1918,1131,1968,1131,1968,1168,1918,1168
2112,1125,2162,1125,2162,1181,2112,1181
2018,1150,2062,1150,2062,1193,2018,1193
1631,1156,1681,1156,1681,1193,1631,1193
1825,1162,1875,1162,1875,1200,1825,1200
1925,1162,1968,1162,1968,1206,1925,1206
950,1168,993,1168,993,1218,950,1218
1725,1168,1775,1168,1775,1212,1725,1212
2125,1181,2168,1181,2168,1218,2125,1218
1637,1200,1675,1200,1675,1243,1637,1243
1831,1200,1881,1200,1881,1231,1831,1231
2018,1193,2062,1193,2062,1243,2018,1243
1725,1206,1781,1206,1781,1250,1725,1250
1925,1206,1975,1206,1975,1300,1925,1300
2125,1212,2175,1212,2175,1256,2125,1256
1525,1218,1575,1218,1575,1256,1525,1256
950,1231,993,1231,993,1268,950,1268
1825,1225,1881,1225,1881,1325,1825,1325
1637,1237,1675,1237,1675,1275,1637,1275
1725,1237,1787,1237,1787,1325,1725,1325
2018,1237,2081,1237,2081,1325,2018,1325
1518,1250,1581,1250,1581,1300,1518,1300
2125,1250,2181,1250,2181,1306,2125,1306
1637,1268,1681,1268,1681,1306,1637,1306
931,1281,993,1281,993,1362,931,1362
1937,1293,1981,1293,1981,1350,1937,1350
1531,1300,1587,1300,1587,1343,1531,1343
2131,1306,2181,1306,2181,1343,2131,1343
1631,1306,1681,1306,1681,1356,1631,1356
1737,1325,1781,1325,1781,1362,1737,1362
1831,1331,1887,1331,1887,1381,1831,1381
1525,1337,1581,1337,1581,1387,1525,1387
2131,1337,2181,1337,2181,1393,2131,1393
1637,1350,1693,1350,1693,1387,1637,1387
1931,1343,1987,1343,1987,1400,1931,1400
1737,1362,1787,1362,1787,1406,1737,1406
943,1368,987,1368,987,1412,943,1412
1831,1375,1881,1375,1881,1437,1831,1437
1637,1387,1687,1387,1687,1431,1637,1431
1531,1393,1581,1393,1581,1431,1531,1431
1943,1393,1993,1393,1993,1443,1943,1443
2143,1393,2187,1393,2187,1443,2143,1443
1737,1406,1787,1406,1787,1450,1737,1450
1643,1425,1687,1425,1687,1481,1643,1481
931,1425,981,1425,981,1481,931,1481
1525,1425,1581,1425,1581,1481,1525,1481
1831,1431,1893,1431,1893,1487,1831,1487
1737,1437,1793,1437,1793,1487,1737,1487
2137,1437,2193,1437,2193,1487,2137,1487
1525,1475,1581,1475,1581,1531,1525,1531
1637,1475,1693,1475,1693,1525,1637,1525
1737,1487,1793,1487,1793,1518,1737,1518
1850,1487,1900,1487,1900,1525,1850,1525
2143,1487,2200,1487,2200,1543,2143,1543
931,1512,968,1512,968,1550,931,1550
1743,1518,1793,1518,1793,1562,1743,1562
1637,1518,1693,1518,1693,1575,1637,1575
1531,1525,1587,1525,1587,1631,1531,1631
1843,1525,1900,1525,1900,1575,1843,1575
2150,1531,2206,1531,2206,1593,2150,1593
1737,1550,1800,1550,1800,1606,1737,1606
912,1556,968,1556,968,1612,912,1612
1637,1562,1700,1562,1700,1681,1637,1681
1856,1575,1900,1575,1900,1618,1856,1618
2162,1593,2212,1593,2212,1631,2162,1631
1743,1593,1800,1593,1800,1656,1743,1656
1850,1612,1906,1612,1906,1668,1850,1668
906,1618,968,1618,968,1675,906,1675
2162,1625,2231,1625,2231,1675,2162,1675
1531,1625,1593,1625,1593,1681,1531,1681
1743,1650,1806,1650,1806,1700,1743,1700
1862,1675,1906,1675,1906,1712,1862,1712
2168,1668,2218,1668,2218,1718,2168,1718
1650,1681,1700,1681,1700,1737,1650,1737
1743,1693,1800,1693,1800,1750,1743,1750
925,1712,956,1712,956,1756,925,1756
1868,1712,1912,1712,1912,1756,1868,1756
2168,1725,2225,1725,2225,1762,2168,1762
1656,1731,1706,1731,1706,1768,1656,1768
1750,1743,1806,1743,1806,1793,1750,1793
1856,1756,1912,1756,1912,1818,1856,1818
1656,1768,1693,1768,1693,1831,1656,1831
2168,1775,2218,1775,2218,1825,2168,1825
1750,1793,1812,1793,1812,1843,1750,1843
1856,1818,1918,1818,1918,1868,1856,1868
2175,1831,2225,1831,2225,1868,2175,1868
1768,1843,1812,1843,1812,1881,1768,1881
2187,1862,2225,1862,2225,1918,2187,1918
1862,1868,1918,1868,1918,1975,1862,1975
1756,1875,1812,1875,1812,1931,1756,1931
2175,1912,2237,1912,2237,1968,2175,1968
2175,1956,2231,1956,2231,2025,2175,2025
1862,1968,1912,1968,1912,2018,1862,2018
1750,1975,1812,1975,1812,2031,1750,2031
1875,2018,1912,2018,1912,2081,1875,2081
2187,2018,2231,2018,2231,2075,2187,2075
1756,2018,1818,2018,1818,2075,1756,2075
1750,2068,1818,2068,1818,2131,1750,2131
1862,2075,1925,2075,1925,2162,1862,2162
1756,2118,1812,2118,1812,2175,1756,2175
1862,2162,1925,2162,1925,2218,1862,2218
1750,2168,1812,2168,1812,2225,1750,2225
1756,2212,1818,2212,1818,2281,1756,2281
1781,2275,1818,2275,1818,2318,1781,2318
318,2362,387,2362,387,2381,318,2381
1331,2362,1387,2362,1387,2381,1331,2381
1106,2412,1162,2412,1162,2437,1106,2437
1675,2412,1725,2412,1725,2437,1675,2437
2018,2412,2062,2412,2062,2437,2018,2437
2075,2412,2125,2412,2125,2437,2075,2437
2137,2412,2181,2412,2181,2437,2137,2437
262,2418,325,2418,325,2443,262,2443
331,2418,387,2418,387,2437,331,2437
400,2418,475,2418,475,2437,400,2437
487,2418,550,2418,550,2437,487,2437
718,2418,768,2418,768,2437,718,2437
781,2418,862,2418,862,2437,781,2437
868,2418,937,2418,937,2437,868,2437
1812,2418,1887,2418,1887,2437,1812,2437
256,2450,312,2450,312,2468,256,2468
368,2450,418,2450,418,2475,368,2475
575,2450,618,2450,618,2475,575,2475
618,2450,681,2450,681,2475,618,2475
731,2450,793,2450,793,2475,731,2475
856,2450,912,2450,912,2468,856,2468
912,2450,962,2450,962,2468,912,2468
968,2450,1031,2450,1031,2468,968,2468
1037,2450,1087,2450,1087,2468,1037,2468
1156,2450,1225,2450,1225,2468,1156,2468
1406,2450,1450,2450,1450,2468,1406,2468
1731,2450,1768,2450,1768,2468,1731,2468
1881,2450,1950,2450,1950,2468,1881,2468
2068,2450,2118,2450,2118,2468,2068,2468
2118,2450,2168,2450,2168,2468,2118,2468
456,2456,537,2456,537,2475,456,2475
800,2456,856,2456,856,2475,800,2475
1062,2481,1131,2481,1131,2500,1062,2500
1400,2481,1468,2481,1468,2500,1400,2500
1806,2481,1862,2481,1862,2500,1806,2500
1937,2481,2000,2481,2000,2500,1937,2500
2087,2481,2150,2481,2150,2500,2087,2500
2156,2481,2225,2481,2225,2500,2156,2500
356,2487,400,2487,400,2506,356,2506
587,2487,631,2487,631,2506,587,2506
637,2487,687,2487,687,2506,637,2506
712,2487,750,2487,750,2506,712,2506
900,2487,975,2487,975,2506,900,2506
981,2487,1025,2487,1025,2506,981,2506
1968,2512,2025,2512,2025,2537,1968,2537
243,2518,293,2518,293,2537,243,2537
335,2524,398,2515,401,2537,338,2546
437,2518,493,2518,493,2537,437,2537
543,2518,600,2518,600,2537,543,2537
606,2518,687,2518,687,2543,606,2543
693,2518,743,2518,743,2537,693,2537
750,2518,793,2518,793,2543,750,2543
800,2518,850,2518,850,2537,800,2537
931,2518,993,2518,993,2537,931,2537
1031,2518,1075,2518,1075,2537,1031,2537
1125,2518,1175,2518,1175,2537,1125,2537
1175,2518,1225,2518,1225,2537,1175,2537
1537,2518,1600,2518,1600,2537,1537,2537
918,2550,968,2550,968,2575,918,2575
1018,2550,1081,2550,1081,2575,1018,2575
1543,2550,1593,2550,1593,2568,1543,2568
1756,2550,1806,2550,1806,2568,1756,2568
1918,2550,2012,2550,2012,2568,1918,2568
2068,2550,2118,2550,2118,2568,2068,2568
281,2556,337,2556,337,2575,281,2575
787,2556,856,2556,856,2575,787,2575
862,2556,912,2556,912,2575,862,2575
1375,2581,1412,2581,1412,2606,1375,2606
1518,2581,1575,2581,1575,2600,1518,2600
2181,2581,2237,2581,2237,2600,2181,2600
287,2587,343,2587,343,2606,287,2606
756,2587,800,2587,800,2606,756,2606
837,2587,900,2587,900,2606,837,2606
1037,2587,1093,2587,1093,2606,1037,2606
1150,2618,1218,2618,1218,2637,1150,2637
1381,2614,1446,2622,1443,2645,1378,2637
1481,2618,1537,2618,1537,2637,1481,2637
1550,2618,1631,2618,1631,2637,1550,2637
1656,2618,1706,2618,1706,2637,1656,2637
1781,2618,1831,2618,1831,2637,1781,2637
1975,2618,2025,2618,2025,2637,1975,2637
2025,2618,2062,2618,2062,2637,2025,2637
2081,2618,2125,2618,2125,2637,2081,2637
2125,2618,2193,2618,2193,2637,2125,2637
300,2625,362,2625,362,2643,300,2643
387,2625,450,2625,450,2643,387,2643
518,2625,568,2625,568,2643,518,2643
837,2625,900,2625,900,2643,837,2643
1075,2625,1150,2625,1150,2643,1075,2643
1575,2650,1625,2650,1625,2675,1575,2675
1631,2650,1718,2650,1718,2675,1631,2675
331,2653,396,2662,393,2685,328,2676
1306,2656,1362,2656,1362,2675,1306,2675
1537,2656,1575,2656,1575,2675,1537,2675
931,2687,975,2687,975,2712,931,2712
1275,2687,1325,2687,1325,2706,1275,2706
1325,2687,1400,2687,1400,2706,1325,2706
1600,2687,1662,2687,1662,2706,1600,2706
1700,2687,1775,2687,1775,2706,1700,2706
1800,2687,1856,2687,1856,2706,1800,2706
1887,2687,1931,2687,1931,2706,1887,2706
337,2693,381,2693,381,2718,337,2718
400,2693,462,2693,462,2712,400,2712
537,2693,581,2693,581,2718,537,2718
600,2693,668,2693,668,2718,600,2718
681,2693,725,2693,725,2712,681,2712
725,2693,768,2693,768,2712,725,2712
787,2693,831,2693,831,2712,787,2712
